1 1 50 71 89 91 76 77 157 158
2 112 68 70 88 90 76 157
3 16 130 20 22 8 120 92 124 77 93 46 30
4 96 131 9 76 302 15 17 21 23 121 59 92 93 125 31
5 304 100 6 22 221
6 304 101 23
7 304 98 99 4 100 101 120 26 77
8 304 98 99 100 5 101 120 121 25 43 76
9 304 36 6 22 120
10 304 7 23 121 15
11 18 68 4 22 25 90 26 28
12 5 117 23 40 24 25 26 93 29
13 18 98 99 20 117 6 26 42 27 76 92 142
14 17 33 98 19 21 117 7 25 27 143 31
15 1 20 117 22 8 88 25 26 27 30
16 21 117 23 9 89 25 26 27 43 31
17 2 98 34 100 39 8 138 139 107 77 120 121 25 90 127
18 98 3 99 5 101 40 9 138 106 139 107 76 77 13 121 26 91
19 132 121 93
20 133 120 92 93 125
21 117 101 22 8 104 92 14
22 100 117 23 9 105 26 93 15
23 18
24 19
25 304 90 91
26 304
27 304
28 304 139
29 304 4 22 121 25
30 304 35 101 23 24 26
31 304 22 25 26 27
32 304 100 7 23 26 27
33 130 6 39 135 72 121 42 93
34 160 128 98 99 131 134 7 40 73 43 13 93
35 100 121 90 138 139 77
36 101 120 138 91 139 76 77
37 132 117 101 119 8 88 120 73 90 107 77
38 100 132 133 70 120 9 89 121 106 91 76
39 99 76 77 302
40 32 129 34 4 100 6 134 77 16 18 22 119 90 92 28 93 125 159
41 160 128 33 35 5 101 7 135 76 173 17 19 120 91 92 124 93 29
42 304 24 188
43 81 68 72 88 76 92 157
44 99 131 69 21 23 72 73 89 77 93 158
45 68 20 54 118 88 136 140
46 192 69 134 137 43 141 113 85 118 55 89 61 158
47 38 70 71 72 74 138 75 108 80 81 50 51 84 20 22 57 60
48 71 72 73 74 75 109 79 81 17 51 87 215 57 92 61 93
49 112 53
50 113 57
51 112 70 72 57 153 91 139 126 95 127
52 165 71 88 73 90 138 76 94 126 95
53 0 49 69 56 90 59 91 302
54 48 1 50 57 41 90 108 302
55 197 134 136 44 108 77 50 51 117 56 88 62 94
56 50 51 197 135 89 137 76 109 77 95
57 112 113 50 51 86 87 89 108 45
58 48 112 49 113 50 51 83 86 87 108 109
59 50 66 53 108
60 51 109
61 50 66 70 22 118 72 88 74 75 44 108 94
62 192 160 71 73 74 75 141 45 109 77 177 51 89
63 112 50 66 54 86 87 56 57
64 86 87 56 109 61
65 66 219
66 177 67 220
67 64 50 108 110
68 51 83 109 111
69 70 88 90 75 76
70 113 71 89 91 43 77
71 194 196 71 72 74 202 76 145 149 216 224 225 161 226 227 163 228 229 233 234 235 236 237 46 238 239 241 178 248 185 249 186 250 187 251 252 253 254
72 194 196 70 73 75 203 77 143 145 149 215 157 224 225 161 226 162 227 228 229 233 234 235 236 237 238 239 241 179 248 185 249 186 250 187 251 252 253 254
73 224 226 227 228 229 71 73 75 236 77 145 177 305 275 116 248 252 255
74 224 226 227 228 229 70 72 74 76 236 176 145 305 275 116 248 252 255
75 70 199 72 202 75 145 149 214 215 224 161 162 227 228 233 234 235 236 240 185 249 186 250 187 251 253 254
76 71 199 73 74 203 145 149 214 216 224 161 227 163 228 233 234 235 236 240 185 249 186 250 187 251 253 254
77 225 161 226 162 164 70 198 168 233 74 234 235 239 145 275 149 215 250 251 252 254
78 225 161 226 163 164 198 71 168 233 234 75 235 239 145 275 149 216 250 251 252 254
79 192 135 167 73 137 74 45 79 80 81 147 85 118 220 95
80 134 167 72 136 75 78 47 144 80 81 146 118 219 157 191
81 163 70 72 73 74 77 79 177 147 215 119 216 218 220 156
82 162 71 72 73 75 171 76 78 80 176 146 215 216 217 219
83 48 112 84 54 56 58 140
84 49 113 85 118 55 56 57 156 45
85 51 54 135 72 88 44
86 118 55 73 89 137 59 45
87 112 50 51 70 88 108 109
88 112 113 50 51 86 109 47
89 96 128 97 98 99 100 101 138 106 139 107 120 89 121
90 96 128 129 98 130 3 99 100 101 7 138 106 139 107 120 121 127
91 51 68 70 88 73 75 107 76 77
92 50 117 71 89 138 76
93 97 70 134 71 138 123 139 107 94 95
94 70 71 135 138 106 139 107 141
95 98 99 70 102 103 72 73 106 139 304 119 90 123 127
96 98 99 70 102 103 72 73 138 139 141 80 304 50 114 119 91 123
97 304 98 131 100 88 89 137 139 127
98 304 130 99 101 88 120 89 138 27 107 126
99 304 17 99 88 89 121 122
100 304 114 98 88 120 89
101 304 120 89 121
102 304 133 120
103 17 70 123 139 94 95
104 71 138 94 95
105 305
106 305
107 96 304 88 89 121 139 221
108 304 97 88 120 89 138
109 176 50 66 54 87 57 58 155 140 110
110 51 83 55 87 57 156 141 47
111 66 136 169 73 74 75 108 77 78 302 79 80 146 147 58 219 155
112 160 65 67 75 109 302 176 81 177 146 147 59 156
113 177 82 54 86 87 88 90
114 176 83 55 89 91 45
115 131 197 72 171 76 77 305 179 182 220 94 95 127
116 197 135 138 139 107 305 178 182 219 94 126 191 95
117 192 304 145 161 147 163 195 152 233 188 77 223
118 1 2 3 69 37 39 40 45 13 302 18 19 20 21 54 22 55 23 88 89 90 26 91 27
119 144 176 1 68 197 54 55 88 89 42 43
120 2 98 3 99 37 39 40 138 106 139 107 76 77 17 114 115 116 120 90 91 94 95
121 304 101
122 304 100
123 160 304 50 114 98 115 99
124 304 114 51 115 99
125 304 99
126 304 26 159
127 50 70 94 95 159
128 16 51 71 122 94 95 159
129 305
130 305
131 305
132 305
133 305
134 305
135 304 71 103 24
136 304 70 102 24
137 304 213 27 126
138 304 212 27 127
139 304 88 89 107
140 304 88 89
141 81 50 51 22 71 72 73 154 106 76 94
142 80 97 23 72 73 107 76 95
143 96 32 97 129 98 70 6 71 39 135 105 140 76 172 12 16 117 88 153 155 124 157 158 159
144 160 99 70 71 103 40 75 141 77 142 81 17 115 117 153 154 157 158
145 0 1 197 70 71 72 73 74 42 75 80 215 216 88 89 191
146 304 149 167
147 176 304 81 178 274 147 148 116 165 72 219 79
148 80 304 177 146 274 179 148 116 72 73 219 79
149 192 70 198 71 72 74 75 204 77 205 81 305 146 215 216 217 249 186 218 219 220 191
150 304 167 168
151 304 145 225 275 276 167 152 168
152 304 226 275 244 276 277 152 168
153 304 149 167 168
154 50 51 197 70 71 72 73 74 154 75 142 143
155 197 165 70 71 72 73 74 75 76 77 143 305 51 215 153
156 81 72 169 73 94 79 191 95
157 192 72 73 78 80 81 177 146 215 23 216 61 95
158 1 114 54 118 55 199 200 90 122 76 77 125
159 1 114 115 118 55 201 91 124 77
160 66 98 130 99 100 132 70 39 200 136 169 73 42 140 76 304 51 125
161 98 99 100 101 71 201 73 74 43 141 77 80 304 118 61
162 250
163 305
164 305
165 304 165 167 152 250
166 161 164 167 168 304 51 152 122 250 251 94 126 127
167 304 275 244 152 168 250 268
168 304 164 152
169 304 226 166
170 2 39 215 183 216 121 75 76 172 159
171 128 3 40 216 120 173
172 81 132 149 215 72 216 73 41 172 173 221 143
173 176 81 71 215 217 218 28 142 78 126 302
174 70 170 142 78 143 80 177 215 216 184 217 218 29 127
175 305
176 305
177 65 161 66 162 228 74 108 236 268 271 80 304 177 146 84 85 54 55 155 60 61 94 254
178 74 268 269 271 80 146 84 218 220 156 95 160 161 162 228 236 173 237 176 304 241 50 51 54 55 60 253 254
179 257 305 114 179 197 182 215 221
180 257 305 178 115 197 182 216 221
181 305 197 181 70 216
182 305 180 197 71 215
183 305 114 178 197 215 171 221
184 51 70 71 119 169 153 122 76 93
185 50 197 70 72 73 124 125 46
186 304 273 274 234 186 187
187 304 274 195 187 188
188 304 274 195 188
189 304 274 195 186
190 304 218 187 188
191 304 188
192 70 71 199 72 73 75 140 77 79 144 305 116 244 216 220 157
193 70 71 199 72 73 76 45 78 144 305 116 244 215 216 89 219 158 95
194 305
195 304 243 195 196 215 216 185 249 186 202 187 188
196 304 194
197 304 194
198 194 259 68 69 70 134 135 72 136 137 76 77 144 151 215 88 89 221 95 165 102 103 239 240 241 243 179 54 118 127
199 192 199 135 304 305 50 114 51 115 116 117 186 122 27 123 188 189 157 158
200 70 198 71 72 50 114 51 115 90 122 123 157 158
201 102 135 106
202 134 103 106 139 125
203 80 70 71 217 74 75 206 222
204 81 70 214 71 216 74 75 221 222
205 146 148 197 186 75 219 205 78 206 79 207
206 148 197 219 204 206 79 207
207 194 70 71 215 74 207
208 194 70 71 215 216 74 75 206
209 194 197 70 215 202
210 208 194 197 216 187 203 79
211 176
212 177 179 197 70 216 74
213 136 126
214 137 127
215 148 70 71 202 218 75
216 259 132 260 197 261 70 262 71 263 72 264 73 265 74 75 203 76 77 80 145 151 216 221 222 225 233 41 239 240 241 178 243 116 119
217 259 260 197 133 261 70 262 71 263 72 264 73 265 74 202 75 76 77 144 145 151 215 153 221 223 225 233 41 239 240 241 243 179 116
218 193 195 71 73 75 268 77 269 80 81 147 275 148 276 214 152 216 218 156 222 173 304 305 116 244
219 193 195 71 73 75 268 77 269 80 81 147 275 148 276 214 152 216 217 156 223 172 173 304 305 116 244
220 64 176 66 116 198 199 167 152 108 302 159
221 177 67 147 116 198 199 167 152 156 109 302
222 161 4 197 5 72 8 73 9 239 80 81 115 179 22 151 23 216 187
223 81 193 194 70 215 74 223
224 80 193 194 71 216 75 222
225 304 273 281 238
226 304 168 233
227 304 275 168 234
228 304 275 276
229 304 276 277 235
230 304 277 278 236
231 304 278 279
232 304 279 280 237
233 304 280 281
234 304 275 167 152 168
235 304 275 244 276 235
236 304 276 245 277 278 236
237 304 246 278 279 237
238 304 246 280 281 238
239 304 273 274 186 188
240 304 227 275 244 276 245 277 278
241 304 228 276 229 245 277 246 278 279
242 304 277 230 246 278 231 247 279 280
243 304 278 247 279 232 280 281 188
244 224 304 273 274 280 185 281 188
245 304 275 276 234
246 304 277 278 235
247 304 279 280 237
248 304 273 281 238
249 304 247 249
250 304 273 194 274 188
251 304 167 152 168 251
252 304 275 244 152 168 252
253 304 244 276 253
254 304 276 245 277 254
255 304 245 255
256 256 304 246 278 279
257 304 257 246
258 304 247 248 280 281
259 304 247 188
260 304 194 188
261 304 244
262 304 244 245
263 304 245
264 304 245 246
265 304 246
266 304 246 247
267 304 247
268 304 177 167 152 268
269 304 177 244 276 167
270 193 167 168 267 268 270 304 177 275 116 244 276 245 277 246 278 279 152 220
271 304 146 147 246 198 199 271
272 304 146 147 198 199 269 270
273 195 196 271 304 177 273 274 116 244 245 246 247 279 280 281 219
274 304
275 304
276 304 226 166
277 304
278 304
279 304
280 304
281 304
282 304
283
284
285
286
287
288
289
290
291 304
292 304
293 304
294 304
295 304
296 304
297 304
298 304
299 304
300 304
301 305
302 305
303
304
305
306
