<k>	Ng	Second Largest
1.0E-4	2	1
0.0501	3	3
0.1001	4	4
0.1501	6	6
0.2001	10	7
0.2501	11	10
0.3001	11	10
0.3501	11	11
0.4001	13	12
0.4501	14	13
0.5001	16	16
0.5501	26	20
0.6001	33	26
0.6501	35	28
0.7001	46	35
0.7501	53	43
0.8001	84	61
0.8501	149	131
0.9001	292	169
0.9501	352	250
1.0001	629	479
1.0501	2265	168
1.1001	3971	115
1.1501	5265	159
1.2001	6250	94
1.2501	7532	114
1.3001	8534	129
1.3501	9530	54
1.4001	10436	34
1.4501	11105	25
1.5001	11751	38
1.5501	12304	41
1.6001	12826	44
1.6501	13352	17
1.7001	13774	21
1.7501	14224	21
1.8001	14622	21
1.8501	14990	21
1.9001	15301	9
1.9501	15608	11
2.0001	15939	9
2.0501	16201	9
2.1001	16511	9
2.1501	16720	9
2.2001	16905	9
2.2501	17126	9
2.3001	17313	8
2.3501	17446	8
2.4001	17582	8
2.4501	17705	8
2.5001	17853	8
2.5501	18004	8
2.6001	18115	5
2.6501	18223	5
2.7001	18326	5
2.7501	18426	5
2.8001	18521	5
2.8501	18629	5
2.9001	18692	5
2.9501	18762	5
3.0001	18825	5
3.0501	18893	5
3.1001	18949	5
3.1501	19008	5
3.2001	19057	5
3.2501	19111	5
3.3001	19155	5
3.3501	19196	5
3.4001	19232	5
3.4501	19279	5
3.5001	19327	3
3.5501	19360	3
3.6001	19396	3
3.6501	19429	3
3.7001	19468	3
3.7501	19491	3
3.8001	19517	3
3.8501	19549	3
3.9001	19565	3
3.9501	19579	3
4.0001	19599	2
4.0501	19620	3
4.1001	19632	3
4.1501	19659	3
4.2001	19671	3
4.2501	19687	3
4.3001	19699	3
4.3501	19713	3
4.4001	19726	3
4.4501	19741	3
4.5001	19762	3
4.5501	19773	3
4.6001	19781	3
4.6501	19794	3
4.7001	19803	3
4.7501	19818	3
4.8001	19829	3
4.8501	19840	3
4.9001	19848	3
4.9501	19856	3
5.0001	19867	3
5.0501	19873	3
5.1001	19878	3
5.1501	19886	3
5.2001	19889	3
5.2501	19892	3
5.3001	19899	3
5.3501	19904	3
5.4001	19906	3
5.4501	19911	3
5.5001	19917	3
5.5501	19923	3
5.6001	19926	3
5.6501	19928	3
5.7001	19933	3
5.7501	19934	3
5.8001	19936	3
5.8501	19938	3
5.9001	19940	3
5.9501	19941	3
6.0001	19945	3
6.0501	19946	3
6.1001	19948	3
6.1501	19949	3
6.2001	19951	3
6.2501	19953	3
6.3001	19956	1
6.3501	19958	1
6.4001	19958	1
6.4501	19961	1
6.5001	19963	1
6.5501	19964	1
6.6001	19967	1
6.6501	19970	1
6.7001	19975	1
6.7501	19975	1
6.8001	19979	1
6.8501	19979	1
6.9001	19979	1
6.9501	19979	1
7.0001	19980	1
7.0501	19980	1
7.1001	19982	1
7.1501	19983	1
7.2001	19984	1
7.2501	19986	1
7.3001	19987	1
7.3501	19988	1
7.4001	19989	1
7.4501	19991	1
7.5001	19992	1
7.5501	19992	1
7.6001	19992	1
7.6501	19992	1
7.7001	19992	1
7.7501	19992	1
7.8001	19992	1
7.8501	19992	1
7.9001	19992	1
7.9501	19992	1
8.0001	19992	1
8.0501	19992	1
8.1001	19992	1
8.1501	19993	1
8.2001	19993	1
8.2501	19993	1
8.3001	19993	1
8.3501	19993	1
8.4001	19993	1
8.4501	19993	1
8.5001	19993	1
8.5501	19993	1
8.6001	19993	1
8.6501	19993	1
8.7001	19994	1
8.7501	19994	1
8.8001	19995	1
8.8501	19995	1
8.9001	19995	1
8.9501	19995	1
9.0001	19995	1
9.0501	19995	1
9.1001	19995	1
9.1501	19995	1
9.2001	19995	1
9.2501	19995	1
9.3001	19995	1
9.3501	19995	1
9.4001	19995	1
9.4501	19995	1
9.5001	19995	1
9.5501	19995	1
9.6001	19996	1
9.6501	19997	1
9.7001	19997	1
9.7501	19997	1
9.8001	19997	1
9.8501	19997	1
9.9001	19997	1
